256,256,128485,1,2,0:0:0:0: 4
256,256,128807,1,2,0:0:0:0: 8
256,256,129084,1,2,0:0:0:0: 12
256,256,129392,1,2,0:0:0:0: 16
256,256,129527,1,2,0:0:0:0: 18
256,256,129673,1,2,0:0:0:0: 20
256,256,129924,1,2,0:0:0:0: 24
256,256,130248,1,2,0:0:0:0: 28
256,256,130553,1,2,0:0:0:0: 32
256,256,130813,1,2,0:0:0:0: 36
256,256,131132,1,2,0:0:0:0: 40
256,256,131273,1,2,0:0:0:0: 42
256,256,131351,1,2,0:0:0:0: 43
256,256,131536,1,2,0:0:0:0: 46
256,256,131673,1,2,0:0:0:0: 48
256,256,131950,1,2,0:0:0:0: 52
256,256,132109,1,2,0:0:0:0: 54
256,256,132233,1,2,0:0:0:0: 56
256,256,132535,1,2,0:0:0:0: 60
256,256,132826,1,2,0:0:0:0: 64
256,256,133107,1,2,0:0:0:0: 68
256,256,133374,1,2,0:0:0:0: 72
256,256,133702,1,2,0:0:0:0: 76
256,256,133841,1,2,0:0:0:0: 78
256,256,133971,1,2,0:0:0:0: 80
256,256,134136,1,2,0:0:0:0: 82
256,256,134262,1,2,0:0:0:0: 84
256,256,134859,1,2,0:0:0:0: 92
256,256,135172,1,2,0:0:0:0: 96